relationshipspairslash,M/M,Gen,F/M,F/F,Multi,No category,Other
Elim Garak/Julian Bashir,80.2,7.199999999999999,4.5,1.7000000000000002,2.9000000000000004,2.4,1.2
Jadzia Dax/Kira Nerys,9.2,7.6,4.7,74.7,2.7,0.4,0.8
Odo/Quark,74.4,8.1,5.7,2.4,5.5,0.7000000000000001,3.1
non-cast/non-cast,26.700000000000003,14.099999999999998,28.499999999999996,13.0,10.6,1.7999999999999998,5.3
Kira Nerys/Odo,11.1,20.0,46.800000000000004,4.7,6.6000000000000005,2.6,8.200000000000001
Jadzia Dax/Worf,20.3,18.0,41.4,7.199999999999999,9.9,2.3,0.8999999999999999
Julian Bashir/non-cast,53.2,7.3,19.5,5.4,6.3,2.4,5.8999999999999995
Keiko O'Brien/Miles O'Brien,25.6,19.8,32.2,8.799999999999999,12.3,0.0,1.3
Corat Damar/Weyoun,65.2,6.6000000000000005,3.3000000000000003,3.9,4.3999999999999995,0.0,16.6
Elim Garak/Kelas Parmak,53.1,7.5,4.3999999999999995,4.3999999999999995,9.4,0.6,20.599999999999998
Ezri Dax/Julian Bashir,26.8,12.8,40.2,7.3,8.4,1.7000000000000002,2.8000000000000003
Julian Bashir/Miles O'Brien,59.199999999999996,6.1,14.299999999999999,6.1,13.600000000000001,0.0,0.7000000000000001
Elim Garak/non-cast,51.300000000000004,10.6,23.0,2.7,8.0,0.8999999999999999,3.5000000000000004
Jake Sisko/Nog,65.0,13.700000000000001,8.5,5.1,6.800000000000001,0.0,0.8999999999999999
Ezri Dax/Kira Nerys,12.7,9.8,5.8999999999999995,62.7,6.9,0.0,2.0
Jadzia Dax/Lenara Kahn,7.000000000000001,7.000000000000001,10.5,73.3,1.2,0.0,1.2
Benjamin Sisko/Kasidy Yates,15.8,14.899999999999999,31.6,14.000000000000002,23.7,0.0,0.0
Kira Nerys/Skrain Dukat,11.899999999999999,7.5,79.10000000000001,0.0,1.5,0.0,0.0
Skrain Dukat/non-cast,18.2,3.0,60.6,3.0,12.1,0.0,3.0
Elim Garak/Julian Bashir/Kelas Parmak,41.099999999999994,10.5,6.3,8.4,27.400000000000002,1.0999999999999999,5.3
Jadzia Dax/Julian Bashir,18.3,13.3,51.7,5.0,10.0,0.0,1.7000000000000002
Benjamin Sisko/Kira Nerys,5.6000000000000005,14.099999999999998,39.4,9.9,31.0,0.0,0.0
Elim Garak/Skrain Dukat,76.6,2.1,6.4,2.1,2.1,0.0,10.6
Elim Garak/Tora Ziyal,19.7,18.0,34.4,6.6000000000000005,11.5,6.6000000000000005,3.3000000000000003
Corat Damar/Kira Nerys,11.4,4.5,72.7,2.3,4.5,4.5,0.0
Kira Nerys/non-cast,13.5,11.5,21.2,42.3,9.6,0.0,1.9
Elim Garak/Odo,88.6,2.9000000000000004,2.9000000000000004,0.0,2.9000000000000004,0.0,2.9000000000000004
Keiko O'Brien/Kira Nerys/Miles O'Brien,16.2,6.800000000000001,20.3,17.599999999999998,35.099999999999994,0.0,4.1000000000000005
Weyoun/non-cast,16.3,14.000000000000002,48.8,0.0,7.000000000000001,2.3,11.600000000000001
Skrain Dukat/Tora Naprem,0.0,18.9,75.7,2.7,0.0,0.0,2.7
Benjamin Sisko/Julian Bashir,84.2,5.3,5.3,0.0,5.3,0.0,0.0
Bareil Antos/Kira Nerys,2.3,25.0,63.6,6.800000000000001,2.3,0.0,0.0
Jadzia Dax/non-cast,14.000000000000002,8.0,22.0,44.0,10.0,2.0,0.0
Skrain Dukat/Weyoun,86.1,2.8000000000000003,2.8000000000000003,0.0,5.6000000000000005,0.0,2.8000000000000003
Julian Bashir/Leeta,44.4,6.7,31.1,4.3999999999999995,11.1,0.0,2.1999999999999997
Jake Sisko/Tora Ziyal,28.9,8.9,46.7,6.7,6.7,2.1999999999999997,0.0
Leeta/Rom,24.0,14.000000000000002,32.0,10.0,14.000000000000002,4.0,2.0
Keiko O'Brien/Kira Nerys,12.5,4.2,14.6,52.1,14.6,0.0,2.1
Julian Bashir/Kira Nerys,17.4,10.9,47.8,4.3,15.2,0.0,4.3
Julian Bashir/Kelas Parmak,52.300000000000004,4.5,2.3,2.3,25.0,2.3,11.4
Corat Damar/non-cast,21.9,18.8,46.9,3.1,9.4,0.0,0.0
Ezri Dax/Lenara Kahn,12.8,14.899999999999999,14.899999999999999,46.800000000000004,8.5,0.0,2.1
Corat Damar/Skrain Dukat,62.1,6.9,13.8,3.4000000000000004,10.299999999999999,0.0,3.4000000000000004
Kasidy Yates/Kira Nerys,5.0,10.0,17.5,25.0,42.5,0.0,0.0
Benjamin Sisko/Skrain Dukat,67.9,14.299999999999999,10.7,3.5999999999999996,3.5999999999999996,0.0,0.0
Kira Nerys/Kira Nerys,0.0,9.1,4.5,81.8,0.0,0.0,4.5
Julian Bashir/Skrain Dukat,95.19999999999999,0.0,0.0,0.0,0.0,0.0,4.8
Brunt/Quark,86.4,0.0,4.5,0.0,4.5,0.0,4.5
Quark/non-cast,58.3,8.3,20.8,0.0,8.3,0.0,4.2
Kira Nerys/Shakaar Edon,9.700000000000001,25.8,51.6,6.5,3.2,0.0,3.2
Ezri Dax/Weyoun,4.3,4.3,73.9,4.3,4.3,0.0,8.7
Ezri Dax/non-cast,3.6999999999999997,7.3999999999999995,33.300000000000004,51.9,0.0,0.0,3.6999999999999997
Enabran Tain/Mila Garak,18.2,36.4,36.4,0.0,0.0,9.1,0.0
Jadzia Dax/Leeta,25.0,0.0,8.3,50.0,12.5,0.0,4.2
Julian Bashir/Quark,66.7,0.0,12.5,4.2,4.2,4.2,8.3
Elim Garak/Julian Bashir/non-cast,42.9,0.0,3.5999999999999996,3.5999999999999996,50.0,0.0,0.0
Elim Garak/Weyoun,65.2,4.3,0.0,0.0,30.4,0.0,0.0
Benjamin Sisko/Kasidy Yates/Kira Nerys,2.9000000000000004,8.799999999999999,20.599999999999998,20.599999999999998,47.099999999999994,0.0,0.0
Lwaxana Troi/Odo,14.299999999999999,14.299999999999999,50.0,7.1,7.1,0.0,7.1
Julian Bashir/Keiko O'Brien/Miles O'Brien,30.599999999999998,2.8000000000000003,30.599999999999998,5.6000000000000005,30.599999999999998,0.0,0.0
Benjamin Sisko/Jadzia Dax,17.4,4.3,52.2,4.3,17.4,0.0,4.3
Odo/non-cast,24.0,12.0,36.0,12.0,0.0,0.0,16.0
Kimara Cretak/Kira Nerys,0.0,6.7,0.0,93.30000000000001,0.0,0.0,0.0
Corat Damar/Elim Garak,66.7,4.8,14.299999999999999,4.8,9.5,0.0,0.0
Julian Bashir/Martok,65.0,0.0,10.0,0.0,15.0,0.0,10.0
Worf/non-cast,25.0,20.0,30.0,5.0,20.0,0.0,0.0
Kira Meru/Skrain Dukat,0.0,21.4,71.39999999999999,0.0,7.1,0.0,0.0
Elim Garak/Quark,84.6,0.0,7.7,0.0,7.7,0.0,0.0
Elim Garak/Worf,78.60000000000001,0.0,7.1,0.0,14.299999999999999,0.0,0.0
Keevan/Remata'Klan,68.8,6.2,0.0,12.5,0.0,0.0,12.5
Natima Lang/Quark,12.5,6.2,50.0,6.2,25.0,0.0,0.0
Q/non-cast,50.0,7.1,21.4,0.0,21.4,0.0,0.0
Grilka/Quark,27.800000000000004,5.6000000000000005,44.4,0.0,22.2,0.0,0.0
Jadzia Dax/Kira Nerys/Lenara Kahn,0.0,0.0,0.0,20.0,80.0,0.0,0.0
Ezri Dax/Tora Ziyal,7.7,7.7,0.0,76.9,7.7,0.0,0.0
Benjamin Sisko/non-cast,69.19999999999999,0.0,15.4,15.4,0.0,0.0,0.0
Odo/Weyoun,63.6,18.2,9.1,0.0,0.0,9.1,0.0
Sarina Douglas/non-cast,7.7,15.4,0.0,69.19999999999999,7.7,0.0,0.0
Elim Garak/Miles O'Brien,75.0,0.0,8.3,0.0,16.7,0.0,0.0
Skrain Dukat/Winn Adami,0.0,27.3,63.6,9.1,0.0,0.0,0.0
Elim Garak/Kira Nerys,15.4,0.0,53.800000000000004,15.4,15.4,0.0,0.0
Keevan/Weyoun,44.4,11.1,11.1,11.1,5.6000000000000005,0.0,16.7
Kira Nerys/Tora Ziyal,9.1,9.1,18.2,63.6,0.0,0.0,0.0
Keevan/non-cast,8.3,8.3,58.3,0.0,16.7,0.0,8.3
Hanok/Quark,63.6,0.0,18.2,0.0,18.2,0.0,0.0
Elim Garak/Ezri Dax/Julian Bashir,26.700000000000003,6.7,26.700000000000003,6.7,33.300000000000004,0.0,0.0
Julian Bashir/Sarina Douglas,20.0,10.0,60.0,0.0,10.0,0.0,0.0
Tora Ziyal/non-cast,9.1,18.2,9.1,45.5,9.1,0.0,9.1
Benjamin Sisko/Elim Garak,80.0,0.0,10.0,0.0,10.0,0.0,0.0
Ezri Dax/Worf,15.4,15.4,30.8,7.7,23.1,7.7,0.0
Miles O'Brien/non-cast,71.39999999999999,14.299999999999999,0.0,0.0,0.0,0.0,14.299999999999999
Emony Dax/non-cast,20.0,0.0,40.0,30.0,10.0,0.0,0.0
Quark/Worf,77.8,0.0,11.1,0.0,11.1,0.0,0.0
Elim Garak/Julian Bashir/Odo,30.0,0.0,0.0,0.0,70.0,0.0,0.0
Julian Bashir/Luther Sloan,87.5,0.0,12.5,0.0,0.0,0.0,0.0
Julian Bashir/Worf,62.5,0.0,12.5,0.0,25.0,0.0,0.0
Shakaar Edon/non-cast,8.3,41.699999999999996,50.0,0.0,0.0,0.0,0.0
Julian Bashir/Melora Pazlar,25.0,8.3,41.699999999999996,0.0,16.7,0.0,8.3
Pel/Quark,33.300000000000004,8.3,25.0,8.3,8.3,0.0,16.7
Nilani Kahn/Torias Dax,0.0,10.0,40.0,40.0,0.0,0.0,10.0
Kira Nerys/Miles O'Brien,11.1,5.6000000000000005,33.300000000000004,22.2,27.800000000000004,0.0,0.0
Elim Garak/Pythas Lok,60.0,10.0,0.0,10.0,20.0,0.0,0.0
Elim Garak/Jadzia Dax,40.0,0.0,50.0,0.0,10.0,0.0,0.0
Jack/Kelas Parmak,100.0,0.0,0.0,0.0,0.0,0.0,0.0
Ezri Dax/Jadzia Dax,0.0,0.0,12.5,62.5,12.5,0.0,12.5
Elim Garak/Keiko O'Brien,18.2,0.0,36.4,0.0,36.4,0.0,9.1
Elim Garak/Palandine,41.699999999999996,16.7,33.300000000000004,0.0,8.3,0.0,0.0
Nog/non-cast,50.0,0.0,50.0,0.0,0.0,0.0,0.0
Ezri Dax/Quark,14.299999999999999,0.0,85.7,0.0,0.0,0.0,0.0
Benjamin Sisko/Curzon Dax,30.0,0.0,30.0,0.0,30.0,0.0,10.0
Curzon Dax/Jadzia Dax,33.300000000000004,11.1,22.2,11.1,22.2,0.0,0.0
Kira Nerys/Odo/Quark,20.0,10.0,10.0,10.0,40.0,0.0,10.0
Thomas Riker/non-cast,42.9,14.299999999999999,42.9,0.0,0.0,0.0,0.0
Skrain Dukat/Tora Ziyal,0.0,0.0,100.0,0.0,0.0,0.0,0.0
Julian Bashir/Tora Ziyal,33.300000000000004,8.3,16.7,8.3,33.300000000000004,0.0,0.0
Julian Bashir/Palis Delon,36.4,0.0,27.3,9.1,18.2,0.0,9.1
Ishka/Lwaxana Troi,0.0,0.0,14.299999999999999,71.39999999999999,14.299999999999999,0.0,0.0
Benjamin Sisko/Jennifer Sisko,11.1,33.300000000000004,33.300000000000004,11.1,11.1,0.0,0.0
Julian Bashir/Keiko O'Brien,33.300000000000004,0.0,41.699999999999996,0.0,25.0,0.0,0.0
Jack/Sarina Douglas,30.0,10.0,50.0,10.0,0.0,0.0,0.0
Kira Nerys/Lupaza,0.0,25.0,0.0,75.0,0.0,0.0,0.0
Elim Garak/Julian Bashir/Tora Ziyal,36.4,0.0,18.2,9.1,36.4,0.0,0.0
Benjamin Sisko/Quark,80.0,20.0,0.0,0.0,0.0,0.0,0.0
Kira Nerys/Leeta,16.7,0.0,0.0,50.0,33.300000000000004,0.0,0.0
Female Changeling/Odo,0.0,25.0,50.0,0.0,0.0,0.0,25.0
Remata'Klan/non-cast,0.0,0.0,66.7,0.0,33.300000000000004,0.0,0.0
Ezri Dax/Leeta,14.299999999999999,14.299999999999999,0.0,57.099999999999994,14.299999999999999,0.0,0.0
Morn/non-cast,33.300000000000004,33.300000000000004,16.7,0.0,0.0,0.0,16.7
Ezri Dax/Jake Sisko,0.0,20.0,80.0,0.0,0.0,0.0,0.0
Yelgrun/non-cast,75.0,25.0,0.0,0.0,0.0,0.0,0.0
Felix/Julian Bashir,57.099999999999994,0.0,14.299999999999999,0.0,14.299999999999999,0.0,14.299999999999999
Elim Garak/Jadzia Dax/Julian Bashir,25.0,0.0,25.0,0.0,25.0,0.0,25.0
Female Changeling/Weyoun,60.0,0.0,20.0,0.0,0.0,0.0,20.0
Kira Nerys/Quark,25.0,0.0,25.0,0.0,50.0,0.0,0.0
Eris/Weyoun,0.0,33.300000000000004,66.7,0.0,0.0,0.0,0.0
Martok/non-cast,16.7,0.0,66.7,0.0,0.0,0.0,16.7
Jake Sisko/non-cast,40.0,20.0,20.0,0.0,0.0,0.0,20.0
Keiko O'Brien/non-cast,14.299999999999999,14.299999999999999,14.299999999999999,42.9,0.0,0.0,14.299999999999999
Captain Solok/non-cast,0.0,40.0,60.0,0.0,0.0,0.0,0.0
Corat Damar/Tora Ziyal,0.0,0.0,100.0,0.0,0.0,0.0,0.0
Kelas Parmak/non-cast,100.0,0.0,0.0,0.0,0.0,0.0,0.0
Julian Bashir/Julian Bashir,50.0,0.0,0.0,0.0,25.0,0.0,25.0
Benjamin Sisko/Odo,100.0,0.0,0.0,0.0,0.0,0.0,0.0
Vreenak/non-cast,0.0,0.0,60.0,20.0,20.0,0.0,0.0
Jadzia Dax/Keiko O'Brien,30.0,0.0,30.0,30.0,10.0,0.0,0.0
Rotan'talag/Weyoun,100.0,0.0,0.0,0.0,0.0,0.0,0.0
Jack/Julian Bashir,50.0,0.0,25.0,0.0,25.0,0.0,0.0
Corat Damar/Skrain Dukat/Weyoun,60.0,0.0,0.0,0.0,20.0,0.0,20.0
Benjamin Sisko/Michael Eddington,75.0,0.0,0.0,25.0,0.0,0.0,0.0
Elim Garak/Julian Bashir/Miles O'Brien,60.0,0.0,20.0,0.0,20.0,0.0,0.0
Eris/Luaran,33.300000000000004,16.7,0.0,50.0,0.0,0.0,0.0
Enabran Tain/Julian Bashir,100.0,0.0,0.0,0.0,0.0,0.0,0.0
Julian Bashir/non-cast/non-cast,50.0,0.0,0.0,0.0,50.0,0.0,0.0
Felix/non-cast,33.300000000000004,0.0,33.300000000000004,0.0,16.7,0.0,16.7
Julian Bashir/Weyoun,40.0,0.0,0.0,0.0,60.0,0.0,0.0
Corat Damar/Ezri Dax,16.7,16.7,33.300000000000004,16.7,16.7,0.0,0.0
Arissa/Odo,12.5,12.5,37.5,12.5,12.5,0.0,12.5
Keevan/Yelgrun,42.9,0.0,0.0,14.299999999999999,14.299999999999999,0.0,28.599999999999998
Furel/Lupaza,16.7,33.300000000000004,50.0,0.0,0.0,0.0,0.0
Alexander Rozhenko/Nog,66.7,0.0,0.0,0.0,33.300000000000004,0.0,0.0
Aamin Marritza/Iliana Ghemor,0.0,0.0,66.7,0.0,0.0,33.300000000000004,0.0
Jadzia Dax/Kira Nerys/Worf,0.0,16.7,33.300000000000004,33.300000000000004,16.7,0.0,0.0
Mekor Dukat/non-cast,100.0,0.0,0.0,0.0,0.0,0.0,0.0
Jadzia Dax/Julian Bashir/Worf,25.0,0.0,25.0,0.0,50.0,0.0,0.0
Tora Naprem/non-cast,16.7,16.7,16.7,33.300000000000004,16.7,0.0,0.0
Iloja of Prim/Tobin Dax,33.300000000000004,66.7,0.0,0.0,0.0,0.0,0.0
Goran'Agar/Julian Bashir,50.0,25.0,0.0,0.0,0.0,0.0,25.0
Boheeka/Quark,75.0,0.0,25.0,0.0,0.0,0.0,0.0
Kira Nerys/Worf,20.0,0.0,40.0,20.0,20.0,0.0,0.0
Enabran Tain/Kelas Parmak,100.0,0.0,0.0,0.0,0.0,0.0,0.0
Dax/Lenara Kahn,12.5,25.0,25.0,25.0,12.5,0.0,0.0
Opaka/Winn Adami,0.0,0.0,0.0,100.0,0.0,0.0,0.0
Worf/non-cast/non-cast,0.0,0.0,0.0,0.0,100.0,0.0,0.0
Laas/Odo,33.300000000000004,33.300000000000004,0.0,33.300000000000004,0.0,0.0,0.0
Quark/Vic Fontaine,100.0,0.0,0.0,0.0,0.0,0.0,0.0
Gilora Rejal/non-cast,0.0,0.0,50.0,50.0,0.0,0.0,0.0
Joseph Sisko/Sarah Sisko,0.0,50.0,50.0,0.0,0.0,0.0,0.0
Benjamin Sisko/Vic Fontaine,25.0,0.0,25.0,0.0,50.0,0.0,0.0
Kira Nerys/Winn Adami,0.0,0.0,0.0,100.0,0.0,0.0,0.0
Natima Lang/Tora Naprem,0.0,0.0,0.0,33.300000000000004,33.300000000000004,0.0,33.300000000000004
Borath/non-cast,50.0,50.0,0.0,0.0,0.0,0.0,0.0
Joseph Sisko/non-cast,0.0,0.0,100.0,0.0,0.0,0.0,0.0
Corat Damar/Keevan,100.0,0.0,0.0,0.0,0.0,0.0,0.0
Reese/non-cast,33.300000000000004,33.300000000000004,16.7,0.0,0.0,0.0,16.7
Jadzia Dax/Melora Pazlar,0.0,0.0,0.0,100.0,0.0,0.0,0.0
Elim Garak/Julian Bashir/Skrain Dukat,100.0,0.0,0.0,0.0,0.0,0.0,0.0
Elim Garak/Enabran Tain,50.0,0.0,0.0,0.0,0.0,50.0,0.0
Chalan Aroya/Odo,33.300000000000004,33.300000000000004,33.300000000000004,0.0,0.0,0.0,0.0
Enabran Tain/Martok,100.0,0.0,0.0,0.0,0.0,0.0,0.0
Julian Bashir/Odo,40.0,0.0,20.0,20.0,20.0,0.0,0.0
Julian Bashir/Q,50.0,0.0,0.0,0.0,50.0,0.0,0.0
Jaro Essa/Winn Adami,0.0,50.0,50.0,0.0,0.0,0.0,0.0
Corat Damar/Skrain Dukat/non-cast,50.0,0.0,50.0,0.0,0.0,0.0,0.0
Grilka/Natima Lang,0.0,0.0,0.0,66.7,33.300000000000004,0.0,0.0
Ezri Dax/Jadzia Dax/Kira Nerys,0.0,0.0,0.0,66.7,33.300000000000004,0.0,0.0
Jadzia Dax/Odo,20.0,0.0,40.0,20.0,20.0,0.0,0.0
Jadzia Dax/Kira Nerys/Odo,20.0,10.0,20.0,20.0,20.0,0.0,10.0
Amsha Bashir/Richard Bashir,33.300000000000004,33.300000000000004,33.300000000000004,0.0,0.0,0.0,0.0
Keevan/Skrain Dukat,100.0,0.0,0.0,0.0,0.0,0.0,0.0
Dax/non-cast,0.0,0.0,0.0,66.7,0.0,0.0,33.300000000000004
Corat Damar/Julian Bashir,66.7,33.300000000000004,0.0,0.0,0.0,0.0,0.0
Curzon Dax/Quark,100.0,0.0,0.0,0.0,0.0,0.0,0.0
Enabran Tain/non-cast,66.7,0.0,33.300000000000004,0.0,0.0,0.0,0.0
Kilana/non-cast,0.0,50.0,0.0,50.0,0.0,0.0,0.0
Jake Sisko/Kesha,25.0,0.0,50.0,0.0,25.0,0.0,0.0
Dax/Worf,0.0,0.0,0.0,0.0,0.0,100.0,0.0
Kira Nerys/non-cast/non-cast,0.0,0.0,0.0,50.0,50.0,0.0,0.0
Benjamin Sisko/Ezri Dax,0.0,0.0,0.0,50.0,0.0,0.0,50.0
K'Ehleyr/Worf,0.0,25.0,25.0,0.0,25.0,0.0,25.0
Elim Garak/Julian Bashir/Keiko O'Brien/Miles O'Brien,25.0,0.0,25.0,0.0,50.0,0.0,0.0
Barkan Lokar/Elim Garak/Palandine,40.0,0.0,20.0,20.0,20.0,0.0,0.0
Odo/Worf,50.0,0.0,0.0,25.0,25.0,0.0,0.0
Ishka/Keldar,50.0,0.0,50.0,0.0,0.0,0.0,0.0
Akellen Macet/Elim Garak,100.0,0.0,0.0,0.0,0.0,0.0,0.0
Corat Damar/Mila Garak,25.0,25.0,50.0,0.0,0.0,0.0,0.0
Morn/Quark,50.0,25.0,25.0,0.0,0.0,0.0,0.0
Ishka/Zek,0.0,20.0,40.0,20.0,20.0,0.0,0.0
Elim Garak/Lwaxana Troi,0.0,0.0,100.0,0.0,0.0,0.0,0.0
Elim Garak/Julian Bashir/Julian Bashir,33.300000000000004,0.0,0.0,0.0,66.7,0.0,0.0
Benjamin Sisko/Rom,100.0,0.0,0.0,0.0,0.0,0.0,0.0
Winn Adami/non-cast,0.0,0.0,33.300000000000004,33.300000000000004,0.0,33.300000000000004,0.0
Julian Bashir/Leeta/Rom,0.0,0.0,0.0,0.0,100.0,0.0,0.0
Leeta/Winn Adami,0.0,0.0,0.0,100.0,0.0,0.0,0.0
Gelnon/non-cast,0.0,100.0,0.0,0.0,0.0,0.0,0.0
Eris/non-cast,0.0,100.0,0.0,0.0,0.0,0.0,0.0
Deyos/non-cast,0.0,100.0,0.0,0.0,0.0,0.0,0.0
Julian Bashir/Kaga,100.0,0.0,0.0,0.0,0.0,0.0,0.0
Luaran/non-cast,0.0,100.0,0.0,0.0,0.0,0.0,0.0
Corat Damar/Ezri Dax/Kira Nerys/Weyoun,25.0,0.0,25.0,25.0,25.0,0.0,0.0
Elim Garak/Kaga,100.0,0.0,0.0,0.0,0.0,0.0,0.0
Benjamin Sisko/Tora Ziyal,33.300000000000004,0.0,0.0,33.300000000000004,33.300000000000004,0.0,0.0
Kira Nerys/Weyoun,25.0,0.0,25.0,25.0,25.0,0.0,0.0
Kira Nerys/Odo/non-cast,0.0,0.0,50.0,50.0,0.0,0.0,0.0
Grilka/Natima Lang/Quark,0.0,0.0,0.0,50.0,50.0,0.0,0.0
Benjamin Sisko/Morn/Zek/non-cast,50.0,0.0,50.0,0.0,0.0,0.0,0.0
Jadzia Dax/Julian Bashir/non-cast,0.0,0.0,50.0,0.0,0.0,0.0,50.0
Keevan/Remata'Klan/non-cast,0.0,0.0,50.0,0.0,50.0,0.0,0.0
Rom/non-cast,50.0,0.0,0.0,0.0,50.0,0.0,0.0
Curzon Dax/non-cast,50.0,0.0,50.0,0.0,0.0,0.0,0.0
Torias Dax/non-cast,50.0,0.0,50.0,0.0,0.0,0.0,0.0
Kimara Cretak/T'Rul,20.0,20.0,20.0,20.0,0.0,0.0,20.0
Benjamin Sisko/Miles O'Brien,100.0,0.0,0.0,0.0,0.0,0.0,0.0
Elim Garak/Ezri Dax/Kira Nerys/non-cast,0.0,0.0,33.300000000000004,33.300000000000004,33.300000000000004,0.0,0.0
Julian Bashir/Lieutenant Watley,0.0,0.0,100.0,0.0,0.0,0.0,0.0
Mavek/non-cast,0.0,0.0,100.0,0.0,0.0,0.0,0.0
Benjamin Sisko/Curzon Dax/Jadzia Dax,33.300000000000004,0.0,33.300000000000004,0.0,33.300000000000004,0.0,0.0
Jadzia Dax/Kilana,33.300000000000004,0.0,0.0,33.300000000000004,0.0,0.0,33.300000000000004
Kaga/non-cast,0.0,0.0,0.0,0.0,0.0,0.0,100.0
Jadzia Dax/Kasidy Yates,0.0,0.0,0.0,100.0,0.0,0.0,0.0
Benjamin Sisko/Elim Garak/Ezri Dax/Jadzia Dax/Julian Bashir/Kasidy Yates/Keiko O'Brien/Kira Nerys/Leeta/Miles O'Brien/Odo/Quark/Rom/Worf,20.0,20.0,20.0,20.0,20.0,0.0,0.0
Benjamin Sisko/Q,0.0,0.0,0.0,0.0,0.0,100.0,0.0
Elim Garak/Julian Bashir/Keiko O'Brien,33.300000000000004,0.0,33.300000000000004,0.0,33.300000000000004,0.0,0.0
Cox/Kira Nerys,50.0,0.0,50.0,0.0,0.0,0.0,0.0
Cox/non-cast,50.0,0.0,50.0,0.0,0.0,0.0,0.0
Dax/Elim Garak/Julian Bashir/Worf,0.0,0.0,0.0,0.0,100.0,0.0,0.0
Skrain Dukat/Weyoun/Weyoun,50.0,0.0,0.0,0.0,50.0,0.0,0.0
Weyoun/Weyoun,50.0,0.0,0.0,0.0,50.0,0.0,0.0
Kasidy Yates/Keiko O'Brien/Miles O'Brien,0.0,0.0,0.0,0.0,100.0,0.0,0.0
Boday/Julian Bashir,100.0,0.0,0.0,0.0,0.0,0.0,0.0
Bareil Antos/Morn,33.300000000000004,0.0,33.300000000000004,33.300000000000004,0.0,0.0,0.0
Bareil Antos/Benjamin Sisko/Elim Garak/Ezri Dax/Jadzia Dax/Julian Bashir/Kasidy Yates/Keiko O'Brien/Kira Nerys/Leeta/Miles O'Brien/Odo/Quark/Rom/Shakaar Edon/Worf,20.0,20.0,20.0,20.0,20.0,0.0,0.0
Curzon Dax/Elim Garak/Julian Bashir/Odo,0.0,0.0,0.0,0.0,100.0,0.0,0.0
Elim Garak/Julian Bashir/Quark,100.0,0.0,0.0,0.0,0.0,0.0,0.0
Curzon Dax/Elim Garak/Odo,0.0,0.0,0.0,0.0,100.0,0.0,0.0
Alexander Rozhenko/Jake Sisko/Nog,0.0,0.0,0.0,0.0,100.0,0.0,0.0
Ezri Dax/Kilana,0.0,0.0,0.0,100.0,0.0,0.0,0.0
Elim Garak/Ezri Dax,50.0,0.0,50.0,0.0,0.0,0.0,0.0
Elim Garak/Joseph Sisko,100.0,0.0,0.0,0.0,0.0,0.0,0.0
Elim Garak/Julian Bashir/Weyoun,50.0,0.0,0.0,0.0,50.0,0.0,0.0
Kela Idaris/non-cast,0.0,0.0,100.0,0.0,0.0,0.0,0.0
Ziranne Idaris/non-cast,0.0,0.0,100.0,0.0,0.0,0.0,0.0
Corat Damar/Elim Garak/non-cast,100.0,0.0,0.0,0.0,0.0,0.0,0.0
Julian Bashir/Winn Adami,0.0,0.0,100.0,0.0,0.0,0.0,0.0
Kira Nerys/Tekeny Ghemor,0.0,0.0,100.0,0.0,0.0,0.0,0.0
Alexander Rozhenko/Julian Bashir,100.0,0.0,0.0,0.0,0.0,0.0,0.0
Quark/Skrain Dukat,100.0,0.0,0.0,0.0,0.0,0.0,0.0
Julian Bashir/Martok/Sirella,33.300000000000004,0.0,33.300000000000004,0.0,33.300000000000004,0.0,0.0
Elim Garak/Richard Bashir,33.300000000000004,0.0,33.300000000000004,0.0,33.300000000000004,0.0,0.0
Benjamin Sisko/Captain Solok,0.0,0.0,0.0,0.0,100.0,0.0,0.0
Benjamin Sisko/Curzon Dax/non-cast,0.0,0.0,0.0,0.0,100.0,0.0,0.0
Kasidy Yates/Keiko O'Brien,0.0,0.0,0.0,0.0,100.0,0.0,0.0
Benjamin Sisko/Dax,0.0,0.0,33.300000000000004,0.0,33.300000000000004,0.0,33.300000000000004
Elim Garak/Kira Nerys/Worf,33.300000000000004,0.0,33.300000000000004,0.0,33.300000000000004,0.0,0.0
Ellis Gareth/Julian Bashir,100.0,0.0,0.0,0.0,0.0,0.0,0.0
Eris/Kilana,25.0,0.0,0.0,25.0,25.0,0.0,25.0
Deral/Julian Bashir,100.0,0.0,0.0,0.0,0.0,0.0,0.0
Pel/non-cast,100.0,0.0,0.0,0.0,0.0,0.0,0.0
Gor/Weyoun,100.0,0.0,0.0,0.0,0.0,0.0,0.0
Alexander Rozhenko/Ch'Targh,0.0,0.0,0.0,0.0,100.0,0.0,0.0
Ezri Dax/Nog,0.0,0.0,100.0,0.0,0.0,0.0,0.0
Curzon Dax/Julian Bashir/Odo,25.0,0.0,25.0,0.0,25.0,0.0,25.0
Julian Bashir/Lwaxana Troi,25.0,0.0,25.0,0.0,25.0,0.0,25.0
Elim Garak/Julian Bashir/Kaga,50.0,0.0,0.0,0.0,50.0,0.0,0.0
Benjamin Sisko/Kasidy Yates/Weyoun,50.0,0.0,50.0,0.0,0.0,0.0,0.0
Benjamin Sisko/Weyoun,50.0,0.0,50.0,0.0,0.0,0.0,0.0
Kasidy Yates/Weyoun,50.0,0.0,50.0,0.0,0.0,0.0,0.0
Benjamin Sisko/Ezri Dax/Kasidy Yates,0.0,0.0,0.0,0.0,100.0,0.0,0.0
Curzon Dax/Julian Bashir,100.0,0.0,0.0,0.0,0.0,0.0,0.0
Elim Garak/Keiko O'Brien/Kelas Parmak/Miles O'Brien,0.0,0.0,0.0,0.0,100.0,0.0,0.0
Amsha Bashir/Elim Garak,33.300000000000004,0.0,33.300000000000004,0.0,33.300000000000004,0.0,0.0
Amsha Bashir/Elim Garak/Richard Bashir,33.300000000000004,0.0,33.300000000000004,0.0,33.300000000000004,0.0,0.0
Brunt/non-cast,100.0,0.0,0.0,0.0,0.0,0.0,0.0
Julian Bashir/Keiko O'Brien/Kira Nerys/Miles O'Brien,0.0,0.0,0.0,0.0,100.0,0.0,0.0
Corat Damar/Quark,100.0,0.0,0.0,0.0,0.0,0.0,0.0
Grilka/Lenara Kahn/non-cast,50.0,0.0,0.0,0.0,50.0,0.0,0.0
Jadzia Dax/Jennifer Sisko,0.0,0.0,0.0,100.0,0.0,0.0,0.0
Vash/non-cast,0.0,0.0,100.0,0.0,0.0,0.0,0.0
Borath/Weyoun,25.0,25.0,25.0,0.0,25.0,0.0,0.0
Emergency Medical Hologram Mark II/non-cast,33.300000000000004,0.0,33.300000000000004,33.300000000000004,0.0,0.0,0.0
Elim Garak/Quark/non-cast,100.0,0.0,0.0,0.0,0.0,0.0,0.0
Iliana Ghemor/Tora Ziyal,33.300000000000004,33.300000000000004,0.0,33.300000000000004,0.0,0.0,0.0
Ezri Dax/Vic Fontaine,0.0,0.0,100.0,0.0,0.0,0.0,0.0
Ezri Dax/Lauren,0.0,0.0,0.0,100.0,0.0,0.0,0.0
Leeta/Zek/non-cast,100.0,0.0,0.0,0.0,0.0,0.0,0.0
Corat Damar/Gul Rusot,25.0,0.0,25.0,25.0,25.0,0.0,0.0
Gowron/Julian Bashir,100.0,0.0,0.0,0.0,0.0,0.0,0.0
Elim Garak/Julian Bashir/Kira Nerys,0.0,0.0,0.0,0.0,100.0,0.0,0.0
Bareil Antos/Julian Bashir,100.0,0.0,0.0,0.0,0.0,0.0,0.0
Miles O'Brien/Worf,50.0,0.0,0.0,50.0,0.0,0.0,0.0
Jadzia Dax/Jadzia Dax,0.0,0.0,0.0,50.0,50.0,0.0,0.0
Lwaxana Troi/Odo/Quark,33.300000000000004,0.0,33.300000000000004,0.0,33.300000000000004,0.0,0.0
Lwaxana Troi/Quark,33.300000000000004,0.0,33.300000000000004,0.0,33.300000000000004,0.0,0.0
Elim Garak/Morn,100.0,0.0,0.0,0.0,0.0,0.0,0.0
Elim Garak/Worf/non-cast,100.0,0.0,0.0,0.0,0.0,0.0,0.0
Kimara Cretak/non-cast,0.0,0.0,0.0,100.0,0.0,0.0,0.0
Jack/non-cast,100.0,0.0,0.0,0.0,0.0,0.0,0.0
Benjamin Sisko/Jennifer Sisko/Kasidy Yates,25.0,0.0,25.0,25.0,25.0,0.0,0.0
Lauren/non-cast,0.0,50.0,50.0,0.0,0.0,0.0,0.0
Elim Garak/Luther Sloan,100.0,0.0,0.0,0.0,0.0,0.0,0.0
Odo/Skrain Dukat,25.0,0.0,25.0,25.0,25.0,0.0,0.0
Dax/Julian Bashir/Kira Nerys/Odo,25.0,0.0,25.0,25.0,25.0,0.0,0.0
Elim Garak/Opaka,0.0,0.0,100.0,0.0,0.0,0.0,0.0
Ishka/Jadzia Dax,0.0,0.0,0.0,100.0,0.0,0.0,0.0
Jennifer Sisko/Miles O'Brien,0.0,0.0,0.0,0.0,100.0,0.0,0.0
Bareil Antos/Winn Adami,0.0,0.0,100.0,0.0,0.0,0.0,0.0
Dax/Kira Nerys,0.0,0.0,0.0,100.0,0.0,0.0,0.0
Kira Nerys/Vic Fontaine,0.0,0.0,100.0,0.0,0.0,0.0,0.0
Elim Garak/Keevan,100.0,0.0,0.0,0.0,0.0,0.0,0.0
Martok/Sirella,0.0,50.0,50.0,0.0,0.0,0.0,0.0
Ezri Dax/Jadzia Dax/non-cast,0.0,0.0,0.0,100.0,0.0,0.0,0.0
Mareel/Verad,0.0,0.0,100.0,0.0,0.0,0.0,0.0
Alexander Rozhenko/Lauren,33.300000000000004,0.0,33.300000000000004,33.300000000000004,0.0,0.0,0.0
Boday/Jadzia Dax,33.300000000000004,0.0,33.300000000000004,0.0,33.300000000000004,0.0,0.0
Jake Sisko/Laira,33.300000000000004,0.0,33.300000000000004,0.0,33.300000000000004,0.0,0.0
Jake Sisko/Mardah,33.300000000000004,0.0,33.300000000000004,0.0,33.300000000000004,0.0,0.0
Jadzia Dax/Keiko O'Brien/Kira Nerys,0.0,0.0,0.0,100.0,0.0,0.0,0.0
Prinadora/Rom,0.0,0.0,50.0,0.0,0.0,0.0,50.0
Lela Dax/non-cast,0.0,0.0,0.0,50.0,0.0,0.0,50.0
Dax/Jadzia Dax,0.0,0.0,0.0,0.0,0.0,0.0,100.0
Deyos/Weyoun,0.0,50.0,0.0,0.0,50.0,0.0,0.0
Luaran/Yelgrun,0.0,50.0,0.0,0.0,50.0,0.0,0.0
Ezri Dax/Skrain Dukat,33.300000000000004,33.300000000000004,33.300000000000004,0.0,0.0,0.0,0.0
Julian Bashir/Kukalaka,0.0,0.0,0.0,0.0,0.0,0.0,100.0
Tekeny Ghemor/non-cast,50.0,50.0,0.0,0.0,0.0,0.0,0.0
Keevan/Weyoun/non-cast,0.0,0.0,0.0,0.0,100.0,0.0,0.0
Elim Garak/Winn Adami,0.0,0.0,100.0,0.0,0.0,0.0,0.0
Elim Garak/Julian Bashir/Miles O'Brien/non-cast/non-cast,20.0,20.0,20.0,20.0,20.0,0.0,0.0
Elim Garak/Julian Bashir/non-cast/non-cast,20.0,20.0,20.0,20.0,20.0,0.0,0.0
Bareil Antos/Benjamin Sisko,50.0,0.0,0.0,50.0,0.0,0.0,0.0
Elim Garak/Kai Winn,50.0,0.0,0.0,50.0,0.0,0.0,0.0
Michael Eddington/Rebecca Sullivan,0.0,50.0,50.0,0.0,0.0,0.0,0.0
Deral/Jadzia Dax,0.0,0.0,100.0,0.0,0.0,0.0,0.0
Keiko O'Brien/Kira Nerys/Miles O'Brien/non-cast,0.0,0.0,0.0,0.0,100.0,0.0,0.0
Gowron/non-cast,0.0,0.0,100.0,0.0,0.0,0.0,0.0
Elim Garak/Procal Dukat,100.0,0.0,0.0,0.0,0.0,0.0,0.0
Skrain Dukat/Vreenak/non-cast,0.0,0.0,50.0,0.0,50.0,0.0,0.0
Kira Nerys/Natima Lang,33.300000000000004,33.300000000000004,0.0,33.300000000000004,0.0,0.0,0.0
Kai Winn/Skrain Dukat,0.0,0.0,100.0,0.0,0.0,0.0,0.0
Kaga/Quark,100.0,0.0,0.0,0.0,0.0,0.0,0.0
Omet'iklan/Weyoun,50.0,0.0,50.0,0.0,0.0,0.0,0.0
Jadzia Dax/Julian Bashir/Kira Nerys,0.0,0.0,100.0,0.0,0.0,0.0,0.0
Dax/Julian Bashir,0.0,0.0,0.0,0.0,100.0,0.0,0.0
Elim Garak/Kelas Parmak/Tora Ziyal,0.0,0.0,33.300000000000004,0.0,33.300000000000004,0.0,33.300000000000004
Kelas Parmak/Tora Ziyal,0.0,0.0,33.300000000000004,0.0,33.300000000000004,0.0,33.300000000000004
Elim Garak/Julian Bashir/Morn,100.0,0.0,0.0,0.0,0.0,0.0,0.0
Jadzia Dax/K'Ehleyr/Worf,0.0,0.0,0.0,0.0,100.0,0.0,0.0
Drex/Elim Garak,50.0,0.0,0.0,0.0,50.0,0.0,0.0
Athra Dukat/Skrain Dukat,0.0,100.0,0.0,0.0,0.0,0.0,0.0
Lwaxana Troi/Mora Pol,0.0,33.300000000000004,33.300000000000004,0.0,0.0,0.0,33.300000000000004
Elim Garak/Q,100.0,0.0,0.0,0.0,0.0,0.0,0.0
Elim Garak/Skrain Dukat/Tora Naprem,0.0,0.0,100.0,0.0,0.0,0.0,0.0
Jadzia Dax/Kira Nerys/Leeta/Lenara Kahn,0.0,0.0,0.0,100.0,0.0,0.0,0.0
Elim Garak/Kelas Parmak/Pythas Lok,50.0,0.0,0.0,0.0,50.0,0.0,0.0
Corat Damar/Elim Garak/Julian Bashir,100.0,0.0,0.0,0.0,0.0,0.0,0.0
Gilora Rejal/Nal Dejar,0.0,0.0,0.0,100.0,0.0,0.0,0.0
Leeta/Quark,0.0,0.0,100.0,0.0,0.0,0.0,0.0
Corat Damar/Niala Damar,0.0,0.0,100.0,0.0,0.0,0.0,0.0
Kelas Parmak/Pythas Lok,100.0,0.0,0.0,0.0,0.0,0.0,0.0
Miles O'Brien/non-cast/non-cast,50.0,0.0,50.0,0.0,0.0,0.0,0.0
Quark/Vash,50.0,0.0,50.0,0.0,0.0,0.0,0.0
Jadzia Dax/Julian Bashir/Kira Nerys/non-cast,25.0,25.0,0.0,0.0,25.0,0.0,25.0
Keevan/Kilana,50.0,0.0,50.0,0.0,0.0,0.0,0.0
Jadzia Dax/Julian Bashir/Leeta,0.0,0.0,33.300000000000004,33.300000000000004,33.300000000000004,0.0,0.0
Elim Garak/Skrain Dukat/Weyoun,100.0,0.0,0.0,0.0,0.0,0.0,0.0
Elim Garak/Jadzia Dax/non-cast,50.0,0.0,0.0,0.0,50.0,0.0,0.0
Elim Garak/Jack,100.0,0.0,0.0,0.0,0.0,0.0,0.0
Corat Damar/Jadzia Dax,0.0,0.0,100.0,0.0,0.0,0.0,0.0
Athra Dukat/Tora Naprem,0.0,0.0,50.0,50.0,0.0,0.0,0.0
Kira Nerys/Tahna Los,0.0,100.0,0.0,0.0,0.0,0.0,0.0
Kira Nerys/Kira Reon,0.0,100.0,0.0,0.0,0.0,0.0,0.0
Alexander Rozhenko/non-cast,0.0,0.0,100.0,0.0,0.0,0.0,0.0
Kira Meru/non-cast,0.0,0.0,0.0,0.0,100.0,0.0,0.0
Kira Nerys/Lenara Kahn,0.0,0.0,0.0,100.0,0.0,0.0,0.0
Julian Bashir/Lauren,0.0,0.0,100.0,0.0,0.0,0.0,0.0
Total,51.300000000000004,9.2,16.7,10.5,7.9,1.5,3.0
